0 0 4002 1095
4892 5757 7095 7375
5407 255 6879 1615
5337 2550 6496 3141
6659 2516 7262 4045
4002 674 5356 2413
7436 9492 8537 9893
7328 402 8427 936
8155 5059 9635 6275
7020 8197 7293 9997
6821 1772 8980 2497
13 4834 1579 5980
6677 4059 7367 4110
5356 2135 5898 2280
4002 0 5407 674
1848 5225 3547 6335
4626 3148 4668 3838
4739 7375 7020 8593
1 9315 2519 9999
8215 3619 9352 3914
8574 8947 9744 9892
3118 1460 3950 2261
6448 4110 7623 5757
7095 7179 8574 8197
7824 3914 10000 5059
2520 9168 3633 10000
7623 2500 7824 7165
8822 29 9722 657
6889 998 8313 1548
595 2337 1844 3098
0 7416 362 9314
1583 3377 3547 5225
3633 7734 4739 10000
5257 3141 6659 4110
3547 4110 6448 5757
452 6844 4737 7733
8574 7179 10000 8947
701 3205 1175 3740
0 5987 452 7416
0 3740 1583 4832
8465 6300 9851 7179
4313 5757 4892 6844
1847 2413 4621 3377
4668 2413 5257 4110
0 1095 3118 2337
362 7733 3633 9168
4739 8593 7020 10000
7293 8197 8574 9492
2209 9195 2500 9277
4080 5988 4313 6813
